1111111111111111111111111
1e00000000000000000000001
1000000000000000000000001
1000010011000000010000001
1000010001000000010000001
1001010001000000011100001
100101000100000001000000w
100111100100000001111000w
1000000001010010000010001
1000000001011000000011001
1000000001011000000001001
1000000001000000000001001
1000000001000000000001101
1000000001111100000000101
1000000001000000000000101
1000000001000000000000101
1000000001000111111111111
1000000001000000000000001
1000000001100000000000001
100000000111111100000000w
1e0000000100000000000000w
1000000001000000000000001
1000000001000000p00000001
1000000001000000000000001
1111111111111111111111111